lastAccountName: Unluckylin
timestamps:
  login: 1607005953869
  lastteleport: 1607005175901
  logout: 1607007898615
ipAddress: 112.238.148.18
lastlocation:
  world: world
  x: 696.6365109548494
  y: 64.0
  z: 191.1849987024252
  yaw: -85.5019
  pitch: 25.727606
homes:
  home:
    world: world
    x: 5263.282303863912
    y: 70.0
    z: -163.31444513323936
    yaw: 113.084625
    pitch: 30.871315
money: '42979.65'
logoutlocation:
  world: world
  x: 5281.522006418366
  y: 152.0
  z: -148.81955335061133
  yaw: 50.191406
  pitch: 31.349197
