lastAccountName: xlxyvergil
timestamps:
  login: 1608354411660
  lastteleport: 1608148094561
  logout: 1608354437029
ipAddress: 192.168.23.50
lastlocation:
  world: world
  x: 123.0
  y: 64.0
  z: 59.0
  yaw: 0.0
  pitch: 0.0
money: '6697.19'
homes:
  b:
    world: world
    x: 5276.04711428735
    y: 70.0
    z: -163.9836837359678
    yaw: 240.86714
    pitch: 25.13116
  a:
    world: world
    x: 763.6675028209515
    y: 150.0
    z: 880.0590010831905
    yaw: -265.90244
    pitch: -28.968157
logoutlocation:
  world: world
  x: 683.6999999880791
  y: 63.0
  z: 187.5166677593952
  yaw: -177.00197
  pitch: 24.08449
afk: false
