lastAccountName: Syameimaru_Zheng
timestamps:
  login: 1606987734491
  lastteleport: 1606990107870
  logout: 1606990322962
ipAddress: 124.119.147.27
lastlocation:
  world: world
  x: 683.3926519170926
  y: 64.0
  z: 187.11727332870453
  yaw: 45.900208
  pitch: 34.64998
money: '33607.35'
homes:
  home:
    world: world
    x: 677.608878816202
    y: 61.0
    z: 200.78994330247716
    yaw: 81.65207
    pitch: 17.678791
  home2:
    world: world
    x: 5264.087657575096
    y: 70.0
    z: -168.70594997790025
    yaw: 189.51807
    pitch: 9.96927
logoutlocation:
  world: world
  x: 6115.770558243721
  y: 56.0
  z: 84.30271989648463
  yaw: 87.17346
  pitch: -56.48049
afk: false
