lastAccountName: Singularity
timestamps:
  login: 1607700621862
  logout: 1607700652180
ipAddress: 106.117.31.252
lastlocation:
  world: world
  x: 123.0
  y: 64.0
  z: 59.0
  yaw: 0.0
  pitch: 0.0
logoutlocation:
  world: world
  x: 683.5
  y: 58.0
  z: 187.5
  yaw: 45.900208
  pitch: 34.64998
