lastAccountName: yexiao
timestamps:
  login: 1607698302531
  logout: 1607698610400
  lastteleport: 1607698323701
ipAddress: 106.117.29.192
lastlocation:
  world: world
  x: 521.4901653071341
  y: 80.0
  z: 247.91391166006898
  yaw: 31.003448
  pitch: 15.120417
logoutlocation:
  world: world
  x: 683.3926519170926
  y: 64.0
  z: 187.11727332870453
  yaw: 12.893685
  pitch: 3.0161371
money: '137.3'
