lastAccountName: sans
timestamps:
  login: 1607697428847
  logout: 1607697561173
ipAddress: 117.153.23.236
lastlocation:
  world: world
  x: 681.7086337952884
  y: 61.0
  z: 197.69999998807907
  yaw: -136.55402
  pitch: 23.04469
logoutlocation:
  world: world
  x: 677.4722121204944
  y: 66.0
  z: 192.66220093943411
  yaw: 273.7013
  pitch: 13.1863985
