lastAccountName: xlxyvergil
timestamps:
  login: 1608135482381
  logout: 1608135500246
ipAddress: 183.212.175.150
lastlocation:
  world: world
  x: 123.0
  y: 64.0
  z: 59.0
  yaw: 0.0
  pitch: 0.0
logoutlocation:
  world: world
  x: 683.3000000119209
  y: 58.0
  z: 187.31932035265407
  yaw: -79.64988
  pitch: 23.24998
