lastAccountName: Lilium
timestamps:
  login: 1607344740356
  logout: 1607346082215
ipAddress: 223.198.112.137
lastlocation:
  world: world
  x: 681.3000000119209
  y: 66.0
  z: 193.17790796581005
  yaw: 174.97882
  pitch: 31.311
logoutlocation:
  world: world
  x: 708.0686861905567
  y: 64.0
  z: 208.52129007414348
  yaw: -153.29645
  pitch: -1.077221
money: '3202.58'
