lastAccountName: happy2183
timestamps:
  login: 1606567862542
  logout: 1606567899419
ipAddress: 112.237.172.173
lastlocation:
  world: world
  x: 123.0
  y: 64.0
  z: 59.0
  yaw: 0.0
  pitch: 0.0
logoutlocation:
  world: world
  x: 683.3858975345698
  y: 60.0
  z: 195.6016316684606
  yaw: 141.80031
  pitch: 15.120606
