lastAccountName: daotu
timestamps:
  login: 1606816834956
  logout: 1606817085621
ipAddress: 120.244.72.171
lastlocation:
  world: world
  x: 123.0
  y: 64.0
  z: 59.0
  yaw: 0.0
  pitch: 0.0
logoutlocation:
  world: world
  x: 656.7958576525208
  y: 132.0
  z: 303.4632315805869
  yaw: -178.78119
  pitch: 49.624546
