spawns: 
  default: 
    world: world
    x: 683.3926519170926
    y: 62.5
    z: 187.11727332870453
    yaw: 45.900208
    pitch: 34.64998
